Wavelength,H I,O I,O II,O III
201.65822,,,2.160e-4,
202.03299,,,5.006e-4,
202.14364,,,2.019e-4,
202.70978,,,2.167e-4,
202.76014,,,2.021e-4,
204.228,,,,5.563e-23
205.008,,,,4.237e-23
206.642,,,,1.529e-23
209.2876,,,9.192e-5,
210.1283,,,1.408e-4,
213.1813,,,6.532e-4,
213.2017,,,3.714e-4,
216.539,,,,9.200e-21
218.2569,,,2.678e-4,
219.0469,,,1.784e-4,
219.5482,,,9.015e-5,
222.816,,,,9.416e-20
222.892,,,,2.307e-23
222.974,,,2.403e-5,
223.283,,,1.681e-5,
223.336,,,,6.875e-23
223.877,,,,1.126e-22
225.2738,,,2.486e-4,
225.963,,,1.007e-4,
228.3444,,,2.226e-4,
228.377,,,,3.697e-23
228.4833,,,3.109e-4,
229.0846,,,2.567e-3,
229.3297,,,5.657e-3,
230.0333,,,1.439e-2,
230.2806,,,2.895e-3,
231.1525,,,,8.224e-21
231.4689,,,,8.291e-21
231.548,,,,4.566e-20
231.7321,,,,2.471e-20
231.9477,,,,1.109e-20
232.5921,,,1.383e-4,
232.7947,,,2.079e-4,
236.514,,,1.827e-4,
237.2215,,,,1.350e-20
237.2831,,,,1.389e-20
237.5719,,,3.230e-4,
237.8891,,,,7.496e-20
238.2292,,,,1.529e-19
238.3918,,,,1.086e-19
239.0432,,,,5.445e-18
240.6376,,,8.406e-4,
240.7477,,,5.826e-4,
241.1597,,,4.699e-4,
241.1644,,,1.033e-4,
241.5126,,,2.063e-4,
241.8459,,,8.891e-4,
242.052,,,,4.714e-25
242.114,,,,3.300e-24
242.5567,,,1.247e-3,
242.59,,,,1.263e-23
242.631,,,,4.137e-24
242.657,,,,1.059e-24
242.692,,,,6.617e-24
242.936,,,,2.489e-24
242.961,,,,3.194e-24
242.969,,,,1.418e-24
243.3542,,,1.886e-2,
243.4918,,,,6.939e-21
243.6056,,,8.076e-4,
243.8814,,,,7.759e-20
244.104,,,,6.713e-24
244.1351,,,,2.321e-21
244.1626,,,1.961e-4,
244.1704,,,,2.290e-21
244.4251,,,3.372e-3,
244.523,,,,3.337e-24
244.5529,,,3.338e-2,
244.693,,,,3.362e-24
245.113,,,,5.963e-25
245.345,,,,3.203e-24
245.424,,,,3.223e-24
245.4966,,,,3.934e-17
245.656,,,,1.071e-24
251.7964,,,3.594e-4,
252.6872,,,2.699e-4,
252.9327,,,,3.285e-21
253.0279,,,5.042e-4,
253.4064,,,,2.603e-20
253.9467,,,,3.194e-21
254.2636,,,,1.472e-20
254.6409,,,,9.611e-21
254.7422,,,,3.279e-21
254.9595,,,,3.184e-21
255.8035,,,,6.397e-20
257.1457,,,2.788e-4,
257.5277,,,4.974e-4,
259.7699,,,,4.737e-20
260.5424,,,,2.810e-20
260.959,,,,9.314e-21
262.2287,,,,5.472e-21
266.5684,,,,1.580e-20
267.458,,,,2.590e-20
267.7813,,,,9.957e-21
268.3658,,,,4.159e-22
268.6154,,,,3.578e-20
268.7547,,,,1.247e-21
269.5477,,,,2.079e-21
270.1035,,,,5.287e-21
272.689,,,,5.760e-24
273.3294,,,6.395e-3,
273.506,,,,3.413e-24
273.909,,,,1.131e-24
274.7367,,,3.206e-3,
277.196,,,,1.774e-22
279.4139,,,,2.573e-19
280.8728,,,2.725e-4,
280.9659,,,,5.694e-19
283.6308,,,,1.039e-18
284.575,,,,3.704e-22
284.893,,,,5.237e-22
285.375,,,,2.538e-22
286.252,,,,4.661e-23
286.26,,,,4.546e-23
288.3856,,3.914e+3,,
295.9695,,,,2.244e-17
298.3781,,,,2.482e-16
299.2081,,,,8.250e-19
299.648,,,,2.476e-18
299.7689,,,,8.432e-19
300.4344,,,,3.764e-18
300.8779,,,,8.130e-19
301.7615,,,,6.550e-18
302.3425,,,,1.169e-16
302.4359,,,,8.223e-19
302.454,,,,9.164e-17
303.4219,,,,1.305e-20
303.5414,,,,6.804e-17
304.2993,,,,9.660e-17
304.71,,,,3.608e-16
305.9277,,,,1.283e-16
306.4975,,,,1.719e-22
306.8129,,,,1.712e-22
306.8667,,,,2.996e-22
307.4138,,,,3.389e-22
307.4715,,,,2.970e-22
307.5129,,,,2.120e-22
307.5954,,,,2.507e-22
307.813,,,,2.780e-22
308.3647,,,,5.876e-22
308.4644,,,,3.348e-22
308.8041,,,,1.237e-21
309.5795,,,,2.469e-22
311.5674,,,,1.762e-18
312.1633,,,,5.278e-18
312.2524,,,4.848e-3,
312.391,,,9.135e-4,
312.934,,,5.805e-3,
313.2794,,,,8.826e-18
313.4213,,,4.565e-3,
313.4726,,,2.122e-2,
313.8337,,,1.130e-2,
313.9678,,,4.533e-3,
319.8181,,,,4.670e-23
320.1139,,,,1.400e-22
320.2514,,,,4.801e-23
320.7609,,,,2.141e-22
321.0585,,,,4.625e-23
321.6074,,,,3.768e-22
322.1213,,,,4.724e-23
323.641,,,,1.583e-22
325.7087,,,,2.102e-21
326.0857,,,,2.643e-17
326.5329,,,,3.714e-17
326.5693,,,,2.077e-21
326.7204,,,,1.815e-17
326.7729,,,,1.560e-21
326.8949,,,,2.593e-21
327.0856,,,9.231e-4,
327.0905,,,6.594e-5,
327.3434,,,1.316e-3,
327.7561,,,3.332e-3,
328.1831,,,,3.306e-18
328.445,,,,3.217e-18
328.6414,,,,2.539e-21
328.7471,,,8.092e-3,
328.7647,,,,7.616e-21
329.4987,,,1.116e-3,
329.9385,,,,3.147e-17
330.1411,,,5.981e-4,
330.5003,,,3.216e-3,
330.6451,,,3.127e-3,
331.2329,,,,8.791e-17
332.6055,,,,1.830e-22
333.0301,,,,3.228e-20
333.0319,,,,5.496e-22
333.2406,,,,5.457e-22
333.2928,,,,3.300e-20
333.6668,,,,1.075e-20
333.6686,,,,1.011e-22
334.0765,,,,1.245e-16
334.4197,,,,5.900e-21
334.451,,,,5.651e-22
334.798,,,,5.582e-22
335.0617,,,,3.188e-20
335.0921,,,,6.454e-20
335.5858,,,,1.115e-21
336.2312,,,,3.225e-20
337.6612,,,,3.571e-22
337.6765,,,,8.055e-22
337.7146,,,1.378e-2,
337.7264,,,,6.235e-22
338.2612,,,,1.650e-21
338.3311,,,,2.656e-22
338.3812,,,,1.032e-21
338.4901,,,,3.151e-21
339.0209,,,2.742e-2,
339.422,,,,8.141e-22
339.5428,,,,1.163e-22
340.5718,,,,6.766e-19
340.7223,,,9.199e-5,
340.7276,,,1.291e-3,
340.8131,,,,6.710e-19
340.9706,,,8.240e-4,
340.976,,,9.159e-5,
341.5262,,,,5.034e-19
342.3364,,,,2.680e-21
342.7364,,,,5.954e-21
342.8626,,,,8.359e-19
343.0568,,,,8.249e-19
343.5123,,,,1.985e-21
344.0363,,,,1.086e-20
344.4052,,,,2.467e-18
344.6682,,,,1.777e-21
344.7155,,,,8.923e-22
344.7924,,,,1.944e-21
344.7968,,,,3.026e-21
345.0907,,,,4.659e-21
345.1305,,,,8.880e-22
345.4835,,,,1.258e-21
345.4986,,,,6.716e-21
345.7933,,,8.776e-5,
345.8923,,,6.289e-5,
345.948,,,,1.253e-22
345.9935,,,,1.302e-21
346.6128,,,,9.149e-22
346.685,,,,1.241e-22
347.0277,,,4.738e-3,
347.0672,,,7.329e-3,
352.0945,,,,1.194e-21
353.1223,,,,1.175e-21
353.3385,,,,8.803e-22
353.4904,,,,1.469e-21
355.5241,,,,1.435e-21
355.6779,,,,4.287e-21
362.741,,,9.361e-6,
369.5162,,,,9.916e-22
369.5375,,,,2.474e-20
369.8718,,,,6.494e-20
370.2743,,,,2.353e-18
370.3355,,,,1.228e-19
370.4749,,,,3.176e-20
370.7272,,,,5.244e-18
370.9543,,,,1.407e-20
371.2493,,,,4.047e-20
371.2744,,,7.343e-2,
371.4028,,,,1.748e-18
371.5086,,,,9.623e-18
372.089,,,,3.169e-20
372.1954,,,,1.038e-20
372.5313,,,,1.713e-18
372.7319,,,1.500e-1,
372.8506,,,,1.297e-21
372.8838,,,,1.844e-21
372.9221,,,1.881e-4,
372.9802,,,,8.869e-22
373.483,,,,4.517e-21
373.5786,,,3.372e-4,
373.9761,,,4.294e-3,
374.164,,,1.111e-4,
374.2632,,,,1.623e-22
374.6899,,,,1.591e-22
374.9484,,,2.372e-1,
375.4696,,,,3.288e-16
375.7232,,,,1.481e-16
375.9875,,,,5.816e-16
376.1403,,,8.214e-5,
376.2465,,,3.030e-3,
377.4026,,,,1.037e-16
377.742,,,1.110e-3,
378.498,,,9.556e-6,
379.1275,,,,9.687e-17
379.4359,,,5.329e-4,
380.2984,,,2.643e-3,
381.6751,,,,2.027e-19
382.1532,,,1.062e-3,
383.0281,,,5.238e-4,
383.53909,3.892e+4,,,
384.28138,,,1.634e-3,
384.35832,,,1.064e-3,
384.7893,,,1.885e-3,
385.07987,,,1.023e-3,
385.10332,,,3.049e-3,
385.14735,,,1.063e-3,
385.5014,,2.249e+3,,
385.61342,,,2.465e-3,
385.71642,,,1.967e-3,
386.34969,,,2.393e-3,
386.44309,,,6.176e-3,
386.46671,,,3.818e-3,
387.57997,,,1.004e-3,
388.21937,,,2.028e-2,
388.24457,,,1.826e-3,
388.31368,,,3.192e-3,
388.90557,5.778e+4,,,
390.3044,,,,3.939e-22
390.74549,,,2.654e-3,
391.1958,,,2.212e-2,
391.2117,,,2.861e-3,
391.9272,,,1.243e-2,
393.1351,,,,3.957e-22
393.4823,,,,2.132e-21
394.4854,,,,5.252e-22
394.50376,,,3.909e-2,
394.8012,,,,1.169e-21
395.43617,,,8.376e-2,
396.1573,,,,6.661e-18
396.2963,,,1.055e-4,
397.00788,9.165e+4,,,
397.3256,,,1.970e-1,
398.27141,,,4.037e-2,
399.7953,,2.158e+3,,
406.9623,,,3.226e-2,
406.98819,,,5.010e-2,
407.21525,,,7.997e-2,
407.2643,,,,3.736e-21
407.3984,,,,8.290e-21
407.58617,,,1.091e-1,
407.88424,,,1.181e-2,
408.102,,,,1.511e-20
408.46474,,,2.682e-3,
408.51124,,,1.454e-2,
408.9295,,,,2.749e-21
409.29287,,,1.089e-2,
409.6526,,,4.863e-3,
409.72249,,,7.146e-3,
410.17415,1.597e+5,,,
410.29994,,,5.030e-3,
410.3066,,,,2.683e-21
410.47235,,,9.286e-3,
410.49899,,,1.797e-2,
411.0192,,,3.853e-4,
411.07863,,,7.596e-3,
411.20186,,,5.069e-3,
411.3834,,,5.477e-4,
411.92165,,,5.208e-2,
412.02783,,,6.327e-3,
412.05468,,,5.531e-3,
412.14626,,,5.342e-3,
412.1591,,,,3.546e-22
412.93198,,,1.571e-3,
413.28004,,,1.612e-2,
415.32977,,,2.104e-2,
415.65302,,,3.701e-3,
416.92236,,,7.168e-3,
417.1768,,,,2.104e-22
418.544,,,6.007e-3,
418.9581,,,2.218e-4,
418.9788,,,7.777e-3,
419.2512,,,4.352e-4,
419.6697,,,2.411e-4,
427.7695,,,1.064e-4,
427.9165,,,5.944e-5,
431.7139,,,1.349e-1,
431.963,,,1.347e-1,
431.9866,,,2.947e-4,
432.5761,,,2.612e-2,
432.746,,,1.460e-3,
432.7849,,,1.043e-4,
432.8591,,,5.860e-4,
433.1466,,,1.040e-4,
433.1857,,,9.355e-4,
433.6859,,,5.582e-2,
434.0471,3.218e+5,,,
434.556,,,1.456e-1,
434.7217,,,2.984e-3,
434.7413,,,2.337e-2,
434.9426,,,3.641e-1,
435.126,,,3.726e-2,
435.1457,,,2.193e-3,
435.6794,,,,3.502e-20
436.6895,,,1.420e-1,
436.9272,,,5.140e-3,
437.5876,,,,1.887e-20
439.5935,,,8.339e-3,
441.4899,,,3.017e-1,
441.6975,,,1.740e-1,
444.0093,,,,2.286e-22
444.301,,,1.332e-3,
444.7694,,,,3.804e-22
444.8191,,,1.792e-3,
445.2378,,,3.303e-2,
446.1607,,,,5.307e-22
446.6235,,,1.265e-3,
446.7465,,,6.326e-4,
449.337,,,,9.680e-23
450.664,,,,6.713e-23
451.3827,,,,4.565e-23
452.4222,,,,4.507e-23
453.2785,,,,5.628e-23
453.5285,,,,3.375e-23
453.8851,,,,4.496e-23
455.5387,,,,1.683e-22
455.773,,,3.457e-5,
455.7913,,,,5.586e-23
455.894,,,1.926e-5,
456.926,,,,1.312e-21
458.7721,,,,4.106e-22
459.0974,,,4.890e-2,
459.5957,,,2.022e-3,
459.6177,,,3.462e-2,
461.0608,,,,1.209e-21
463.0773,,,,3.291e-22
463.88558,,,1.503e-1,
464.18103,,,3.609e-1,
464.91347,,,6.339e-1,
464.9973,,,,2.430e-22
465.08384,,,1.400e-1,
466.16324,,,1.673e-1,
466.8875,,,,3.216e-22
467.3487,,,,3.958e-22
467.37331,,,2.579e-2,
467.6235,,,1.255e-1,
469.0888,,,2.254e-4,
469.1419,,,4.502e-4,
469.8437,,,1.644e-4,
469.9011,,,3.287e-3,
469.9218,,,2.294e-2,
470.1179,,,1.116e-3,
470.1712,,,2.231e-4,
470.3161,,,2.293e-3,
470.5346,,,3.614e-2,
471.0009,,,7.330e-3,
474.1704,,,1.231e-3,
475.1278,,,2.076e-3,
476.463,,,,4.590e-24
477.3753,,1.902e+4,,
485.6389,,,1.331e-3,
485.6762,,,1.591e-3,
486.0965,,,6.028e-4,
486.1333,8.310e+5,,,
487.1523,,,1.075e-3,
487.2017,,,1.195e-4,
489.0856,,,4.100e-3,
490.683,,,7.724e-3,
492.4529,,,1.323e-2,
494.1072,,,7.690e-3,
494.3005,,,1.495e-2,
495.5707,,,2.298e-3,
496.7884,,1.898e+4,,
496.8794,,3.672e+4,,
502.0218,,1.628e+4,,
508.8922,,,,3.720e-23
515.9941,,,2.115e-3,
517.5903,,,9.868e-4,
519.0498,,,1.613e-3,
520.6651,,,4.539e-3,
526.8301,,,,5.338e-19
532.9099,,2.161e+4,,
532.9681,,2.803e+4,,
532.969,,4.495e+4,,
533.0735,,2.240e+4,,
533.0741,,8.651e+4,,
543.5775,,2.348e+4,,
543.6862,,3.275e+4,,
550.8242,,,,6.986e-19
559.2252,,,,8.391e-17
595.8584,,2.007e+4,,
598.858,,,,5.269e-23
603.516,,,,7.526e-23
604.6438,,1.687e+4,,
607.759,,,,1.049e-22
615.256,,,5.692e-5,
615.5961,,3.199e+4,,
615.5971,,7.204e+4,,
615.5989,,5.604e+4,,
615.6737,,2.405e+4,,
615.6755,,9.339e+4,,
615.6778,,1.493e+5,,
615.8172,,7.461e+4,,
615.8187,,2.878e+5,,
621.4252,,,8.208e-5,
645.3602,,3.625e+4,,
645.4444,,6.041e+4,,
645.5977,,8.455e+4,,
650.755,,,,1.231e-21
656.2819,3.513e+6,,,
656.5283,,,7.442e-4,
657.1108,,,5.297e-4,
662.7373,,,2.854e-4,
664.1031,,,2.043e-2,
671.7754,,,1.094e-4,
672.1388,,,3.699e-2,
684.6804,,,1.378e-4,
686.9475,,,1.766e-4,
688.4881,,,1.358e-4,
689.5102,,,1.174e-3,
690.6436,,,8.142e-4,
690.7873,,,3.371e-4,
691.0562,,,5.373e-4,
700.1922,,4.864e+4,,
700.223,,9.071e+4,,
700.225,,2.159e+4,,
711.0078,,,3.122e-4,
712.8865,,,1.737e-4,
715.6701,,1.655e+5,,
719.025,,,,2.499e-22
725.4154,,2.532e+4,,
725.4448,,4.217e+4,,
728.0251,,,1.077e-4,
730.685,,,,1.934e-21
730.712,,,,2.397e-21
736.535,,,,1.405e-21
741.404,,,,1.848e-21
745.536,,,,6.616e-21
751.599,,,,2.161e-21
753.0611,,,1.640e-4,
771.095,,,,1.656e-21
777.1944,,6.428e+6,,
777.4166,,4.592e+6,,
777.5388,,2.756e+6,,
782.068,,,,2.777e-22
783.237,,,,8.313e-22
783.938,,,,1.382e-21
784.794,,,,3.650e-22
787.354,,,,5.535e-22
796.332,,,,9.355e-22
817.215,,,,6.167e-21
822.1798,,2.191e+4,,
822.1824,,1.745e+5,,
822.7653,,2.101e+4,,
823.0001,,9.737e+4,,
823.0026,,2.184e+4,,
823.3003,,6.277e+4,,
823.5354,,2.093e+4,,
828.83,,,4.206e-5,
834.27,,,4.974e-5,
835.886,,,,2.404e-21
837.5844,,,1.796e-4,
838.177,,,3.845e-5,
840.3379,,,9.465e-5,
841.588,,,3.788e-5,
844.6247,,5.754e+5,,
844.6359,,2.877e+6,,
844.6758,,1.726e+6,,
882.0423,,1.512e+5,,
899.93,,,,1.047e-21
911.614,,,,2.903e-21
911.94,,,,6.703e-26
912.138,,,,6.726e-26
913.329,,,,4.080e-21
917.421,,,,1.956e-21
922.134,,,,3.319e-25
922.521,,,,1.579e-21
922.647,,,,6.728e-26
922.9014,1.185e+4,,,
924.508,,,,3.355e-25
924.812,,,,6.606e-26
926.0806,,2.444e+5,,
926.0848,,5.492e+5,,
926.0936,,4.275e+5,,
926.2582,,1.825e+5,,
926.267,,7.124e+5,,
926.2776,,1.139e+6,,
926.545,,,,3.489e-22
926.553,,,,1.088e-25
926.5826,,8.135e+4,,
926.5932,,5.675e+5,,
926.6006,,2.194e+6,,
929.14,,,,3.380e-22
931.111,,,,1.297e-25
937.53,,,,3.122e-25
938.806,,,,6.312e-25
947.571,,,,3.075e-25
948.2888,,5.309e+4,,
954.5969,1.754e+4,,,
956.512,,,,2.621e-22
959.456,,,9.817e-5,
961.18,,,5.553e-5,
982.5789,,2.157e+4,,
982.5872,,1.475e+4,,
982.5991,,9.433e+3,,
989.1647,,7.849e+3,,
989.1715,,1.160e+4,,
989.1803,,1.674e+4,,
990.706,,,3.348e-5,
1004.9369,2.771e+4,,,
1011.874,,,,1.624e-21
1025.134,,,,1.380e-21
1025.278,,,,3.058e-21
1032.177,,,,5.428e-21
1036.687,,,,9.894e-22
1054.702,,,,9.110e-22
1067.5668,,3.882e+4,,
1067.5766,,3.395e+4,,
1067.5906,,1.699e+4,,
1067.6023,,9.901e+3,,
1075.3417,,1.412e+4,,
1075.3498,,2.090e+4,,
1075.3602,,3.033e+4,,
1093.8086,4.791e+4,,,
1123.544,,,,1.920e-22
1126.489,,,,4.241e-22
1128.6317,,5.173e+5,,
1128.6406,,1.726e+5,,
1128.6914,,9.646e+5,,
1128.7029,,1.726e+5,,
1128.7318,,2.301e+5,,
1129.5103,,1.527e+5,,
1129.7682,,2.544e+5,,
1130.2378,,3.572e+5,,
1132.159,,,,7.711e-22
1134.914,,,,1.385e-22
