Wavelength,N I,N II,N III,O I,O II,O III
201.65822,,,,,4.748e-4,
202.03299,,,,,1.100e-3,
202.14364,,,,,4.357e-4,
202.70978,,,,,4.676e-4,
202.76014,,,,,4.312e-4,
204.228,,,,,,8.118e+0
204.4761,,1.003e-3,,,,
205.008,,,,,,2.317e+0
206.642,,,,,,2.361e+0
207.6947,,5.295e-4,,,,
207.997,,3.043e-4,,,,
209.1312,,6.505e-4,,,,
209.2876,,,,,2.342e-4,
209.419,,6.471e-4,,,,
209.5529,,3.616e-3,,,,
209.6198,,8.608e-4,,,,
209.6859,,1.934e-3,,,,
210.1283,,,,,3.588e-4,
210.647,,,9.750e+0,,,
210.757,,,1.943e+1,,,
211.652,,,5.927e+0,,,
211.758,,,1.184e+2,,,
212.15,,,1.585e+2,,,
212.257,,,5.872e+0,,,
213.018,,2.639e-3,,,,
213.1813,,,,,1.543e-3,
213.2017,,,,,8.582e-4,
214.402,,,2.007e+1,,,
214.569,,,2.559e+1,,,
214.656,,,2.027e+1,,,
214.692,,,1.964e+1,,,
214.731,,,1.745e+2,,,
214.739,,,3.753e+0,,,
214.785,,,8.992e+1,,,
214.799,,,2.401e+1,,,
214.809,,,1.197e+2,,,
214.851,,,7.849e+1,,,
214.899,,,4.714e+1,,,
214.902,,,4.885e+1,,,
214.945,,,1.871e+1,,,
215.006,,,1.867e+1,,,
215.9927,,9.524e-4,,,,
216.539,,,,,,1.015e+1
218.2569,,,,,5.887e-4,
219.0469,,,,,3.850e-4,
219.5482,,,,,1.923e-4,
219.7506,,5.747e-4,,,,
220.3632,,3.414e-4,,,,
220.6087,,6.084e-4,,,,
222.463,,,3.255e+0,,,
222.816,,,,,,2.653e+1
222.892,,,,,,3.560e+0
222.901,,,6.437e+0,,,
222.974,,,,,3.449e-4,
223.283,,,,,2.402e-4,
223.336,,,,,,1.061e+1
223.722,,,7.704e+0,,,
223.877,,,,,,1.738e+1
224.28,,,8.290e+1,,,
224.441,,,1.239e+2,,,
224.767,,,2.073e+1,,,
224.795,,,1.871e+2,,,
224.893,,,1.036e+2,,,
225.2738,,,,,5.872e-4,
225.963,,,,,2.327e-4,
226.589,,,5.362e+0,,,
226.733,,,3.208e+1,,,
226.932,,,6.552e+0,,,
227.044,,,1.612e+1,,,
227.18,,,4.661e+0,,,
227.188,,,5.311e+0,,,
227.247,,,7.446e+0,,,
227.359,,,6.503e+0,,,
227.414,,,4.659e+0,,,
227.482,,,4.657e+0,,,
228.3444,,,,,3.636e-4,
228.3639,,6.052e-4,,,,
228.377,,,,,,5.395e+0
228.4833,,,,,5.172e-4,
228.6687,,1.807e-3,,,,
228.8405,,4.785e-4,,,,
229.0255,,3.593e-4,,,,
229.0846,,,,,3.303e-4,
229.166,,2.423e-4,,,,
229.2657,,4.779e-4,,,,
229.3297,,,,,7.239e-4,
229.332,,5.957e-4,,,,
230.0333,,,,,1.851e-3,
230.161,,,6.044e+0,,,
230.2806,,,,,3.704e-4,
230.289,,,1.208e+1,,,
230.549,,,1.805e+1,,,
231.1525,,,,,,8.702e+0
231.46,,,8.416e+0,,,
231.4689,,,,,,8.668e+0
231.548,,,,,,4.832e+1
231.6489,,2.021e-3,,,,
231.668,,1.362e-3,,,,
231.7039,,2.922e-3,,,,
231.7321,,,,,,2.584e+1
231.744,,,3.589e+0,,,
231.754,,,3.587e+0,,,
231.9477,,,,,,1.148e+1
231.9947,,2.523e-4,,,,
232.1664,,2.512e-4,,,,
232.226,,,3.295e+0,,,
232.279,,,3.296e+0,,,
232.5921,,,,,2.219e-4,
232.634,,7.821e-4,,,,
232.7947,,,,,3.322e-4,
232.885,,,2.728e+0,,,
233.354,,,4.633e+1,,,
233.49,,,9.244e+1,,,
234.984,,,3.841e+0,,,
235.098,,,3.829e+0,,,
235.255,,,1.095e+1,,,
235.503,,,2.477e+1,,,
235.524,,,4.110e+0,,,
235.796,,,4.140e+1,,,
236.514,,,,,2.521e-4,
236.749,,,7.201e+1,,,
237.056,,,4.779e+1,,,
237.2215,,,,,,9.426e+0
237.253,,,2.380e+1,,,
237.2831,,,,,,9.483e+0
237.5719,,,,,4.457e-4,
237.8891,,,,,,5.055e+1
238.2292,,,,,,1.068e+2
238.3918,,,,,,7.412e+1
239.0432,,,,,,8.537e+1
239.0869,,2.591e-4,,,,
240.6376,,,,,6.438e-4,
240.7477,,,,,7.399e-4,
241.1597,,,,,3.563e-4,
241.1644,,,,,1.749e-4,
241.5126,,,,,3.493e-4,
241.807,,,9.714e+0,,,
241.8459,,,,,1.129e-3,
242.052,,,,,,1.091e+0
242.114,,,,,,7.635e+0
242.327,,,1.375e+1,,,
242.5567,,,,,9.204e-4,
242.59,,,,,,2.922e+1
242.631,,,,,,9.466e+0
242.657,,,,,,2.424e+0
242.692,,,,,,1.514e+1
242.936,,,,,,5.662e+0
242.961,,,,,,7.267e+0
242.969,,,,,,3.225e+0
243.3542,,,,,1.823e-3,
243.4918,,,,,,7.344e+0
243.6056,,,,,5.846e-4,
243.8814,,,,,,4.806e+1
244.104,,,,,,1.553e+1
244.1351,,,,,,2.427e+0
244.1626,,,,,3.158e-4,
244.1704,,,,,,2.423e+0
244.4251,,,,,3.260e-4,
244.523,,,,,,7.720e+0
244.5529,,,,,3.220e-3,
244.693,,,,,,7.692e+0
245.113,,,,,,1.364e+0
245.345,,,,,,7.329e+0
245.395,,,1.878e+1,,,
245.424,,,,,,7.331e+0
245.4966,,,,,,7.423e+1
245.656,,,,,,2.437e+0
245.929,,,4.186e+0,,,
246.127,,1.798e-3,,,,
246.26,,,9.719e+0,,,
246.631,,,4.912e+0,,,
246.844,,,3.826e+0,,,
246.997,,,1.250e+1,,,
247.108,,,6.557e+0,,,
247.121,,,3.812e+0,,,
247.22,,,2.601e+0,,,
247.431,,,2.796e+0,,,
247.449,,,2.582e+0,,,
247.494,,,3.313e+0,,,
248.282,,,8.191e+0,,,
248.456,,,7.335e+1,,,
248.643,,,4.053e+1,,,
249.0245,,4.149e-4,,,,
249.3177,,1.878e-4,,,,
249.3934,,1.875e-4,,,,
249.681,,5.604e-4,,,,
251.7964,,,,,3.724e-4,
252.0215,,5.697e-4,,,,
252.0791,,1.280e-3,,,,
252.2235,,2.381e-3,,,,
252.2459,,4.256e-4,,,,
252.4505,,4.242e-4,,,,
252.6872,,,,,3.725e-4,
252.9327,,,,,,2.294e+0
253.0279,,,,,5.223e-4,
253.4064,,,,,,1.818e+1
253.9467,,,,,,2.180e+0
254.2636,,,,,,1.004e+1
254.6409,,,,,,6.481e+0
254.7422,,,,,,2.238e+0
254.9595,,,,,,2.147e+0
255.8035,,,,,,7.060e+1
257.1457,,,,,3.541e-4,
257.5277,,,,,6.317e-4,
259.0938,,8.801e-4,,,,
259.7699,,,,,,3.762e+1
260.5424,,,,,,2.232e+1
260.959,,,,,,7.397e+0
262.152,,,1.515e+1,,,
262.2287,,,,,,6.039e+0
262.323,,,3.028e+1,,,
266.5684,,,,,,3.108e+1
267.458,,,,,,5.094e+1
267.7813,,,,,,6.954e+0
268.3658,,,,,,1.250e+1
268.6154,,,,,,7.036e+1
268.691,,,1.293e+2,,,
268.7547,,,,,,3.726e+1
268.921,,,1.934e+2,,,
269.5477,,,,,,6.133e+1
269.611,,,1.816e+1,,,
269.67,,,9.081e+0,,,
270.1035,,,,,,3.608e+0
270.9841,,2.563e-3,,,,
272.689,,,,,,1.016e+1
273.3294,,,,,2.006e-3,
273.436,,,6.487e+0,,,
273.4735,,1.980e-4,,,,
273.506,,,,,,6.021e+0
273.909,,,,,,1.996e+0
274.285,,,1.282e+1,,,
274.7367,,,,,9.851e-4,
277.196,,,,,,6.148e+0
279.4139,,,,,,2.843e+0
279.9218,,1.103e-3,,,,
280.8728,,,,,2.012e-4,
280.9659,,,,,,6.251e+0
282.3631,,1.066e-3,,,,
283.6308,,,,,,1.126e+1
284.575,,,,,,1.274e+1
284.893,,,,,,1.836e+1
285.375,,,,,,8.533e+0
286.252,,,,,,1.567e+0
286.26,,,,,,1.564e+0
288.3856,,,,3.852e-10,,
291.952,,,3.785e+0,,,
294.24,,,1.734e+1,,,
295.01,,,2.459e+1,,,
295.9695,,,,,,1.434e+2
297.255,,,3.264e+1,,,
297.733,,,1.622e+1,,,
297.884,,,1.623e+1,,,
298.364,,,8.042e+1,,,
298.3781,,,,,,2.093e+2
299.2081,,,,,,7.001e+0
299.648,,,,,,2.090e+1
299.7689,,,,,,7.215e+0
300.4344,,,,,,3.195e+1
300.683,,4.061e-3,,,,
300.8779,,,,,,6.862e+0
301.7615,,,,,,5.605e+1
302.3425,,,,,,4.967e+1
302.3669,,8.440e-4,,,,
302.4359,,,,,,6.978e+0
302.454,,,,,,3.837e+1
303.4219,,,,,,8.085e+0
303.5414,,,,,,2.849e+1
304.2993,,,,,,4.008e+1
304.71,,,,,,1.533e+2
305.9277,,,,,,5.370e+1
306.4975,,,,,,3.966e+0
306.8129,,,,,,3.949e+0
306.8667,,,,,,6.906e+0
307.4138,,,,,,7.822e+0
307.4715,,,,,,6.850e+0
307.5129,,,,,,4.888e+0
307.5954,,,,,,5.839e+0
307.813,,,,,,1.150e+1
308.3647,,,,,,1.356e+1
308.4644,,,,,,7.718e+0
308.8041,,,,,,2.881e+1
309.5795,,,,,,5.699e+0
311.307,,,1.118e+1,,,
311.5674,,,,,,1.948e+1
312.1633,,,,,,5.794e+1
312.2524,,,,,1.269e-3,
312.391,,,,,2.349e-4,
312.567,,,4.414e+0,,,
312.934,,,,,1.492e-3,
313.2794,,,,,,9.566e+1
313.4213,,,,,1.160e-3,
313.4726,,,,,5.553e-3,
313.8337,,,,,2.904e-3,
313.9678,,,,,1.152e-3,
319.8181,,,,,,2.540e+0
320.1139,,,,,,7.591e+0
320.2514,,,,,,2.625e+0
320.7609,,,,,,1.164e+1
321.0585,,,,,,2.507e+0
321.6074,,,,,,2.060e+1
321.933,,,6.223e+0,,,
322.1213,,,,,,2.569e+0
322.352,,,1.240e+1,,,
322.92,,,1.846e+1,,,
323.641,,,,,,5.487e+0
325.7087,,,,,,6.937e+0
326.0857,,,,,,1.675e+2
326.5329,,,,,,2.401e+2
326.5693,,,,,,6.868e+0
326.7204,,,,,,1.126e+2
326.7729,,,,,,5.149e+0
326.8949,,,,,,8.544e+0
327.0856,,,,,2.352e-3,
327.0905,,,,,1.680e-4,
327.3434,,,,,3.354e-3,
327.7561,,,,,8.723e-4,
328.1831,,,,,,2.050e+1
328.445,,,,,,2.039e+1
328.6414,,,,,,8.377e+0
328.7471,,,,,2.118e-3,
328.7647,,,,,,2.510e+1
329.4987,,,,,2.869e-4,
329.9385,,,,,,9.690e+0
330.1411,,,,,1.520e-4,
330.403,,,4.901e+1,,,
330.5003,,,,,8.267e-4,
330.6451,,,,,7.945e-4,
330.663,,,8.785e+1,,,
330.675,,,9.776e+0,,,
331.2329,,,,,,2.707e+1
331.627,,,4.337e+0,,,
331.674,,,4.334e+0,,,
331.8097,,1.137e-3,,,,
332.4575,,1.153e-3,,,,
332.6055,,,,,,4.438e+0
332.703,,,4.629e+0,,,
332.722,,,4.628e+0,,,
332.8724,,6.606e-3,,,,
332.9701,,1.792e-4,,,,
333.011,,,3.578e+1,,,
333.0301,,,,,,2.754e+1
333.0317,,1.595e-3,,,,
333.0319,,,,,,1.328e+1
333.1307,,3.577e-3,,,,
333.2406,,,,,,1.324e+1
333.2928,,,,,,2.847e+1
333.307,,,1.072e+1,,,
333.6668,,,,,,9.111e+0
333.6686,,,,,,2.441e+0
334.0765,,,,,,3.834e+1
334.209,,,1.961e+1,,,
334.276,,,2.009e+1,,,
334.4197,,,,,,5.034e+0
334.451,,,,,,1.354e+1
334.798,,,,,,1.348e+1
335.0617,,,,,,2.703e+1
335.0921,,,,,,5.569e+1
335.398,,,9.107e+1,,,
335.432,,,9.818e+1,,,
335.546,,,3.956e+1,,,
335.5858,,,,,,2.672e+1
335.878,,,1.811e+1,,,
336.098,,,2.895e+1,,,
336.2312,,,,,,2.752e+1
336.58,,,9.009e+1,,,
336.736,,,2.254e+2,,,
337.407,,,9.608e+1,,,
337.6612,,,,,,8.239e+0
337.6765,,,,,,1.858e+1
337.7146,,,,,1.985e-3,
337.7264,,,,,,1.438e+1
338.2612,,,,,,3.809e+1
338.3311,,,,,,6.126e+0
338.3812,,,,,,2.378e+1
338.4901,,,,,,7.340e+1
339.0209,,,,,3.902e-3,
339.422,,,,,,1.879e+1
339.5428,,,,,,2.681e+0
340.5718,,,,,,7.427e+0
340.7223,,,,,2.344e-4,
340.7276,,,,,3.290e-3,
340.8127,,3.164e-4,,,,
340.8131,,,,,,7.416e+0
340.9706,,,,,2.100e-3,
340.976,,,,,2.334e-4,
341.5262,,,,,,5.526e+0
342.3364,,,,,,7.489e+0
342.7364,,,,,,1.676e+1
342.8626,,,,,,9.059e+0
343.0568,,,,,,9.054e+0
343.5123,,,,,,5.546e+0
343.7145,,3.137e-3,,,,
344.0363,,,,,,3.079e+1
344.4052,,,,,,2.674e+1
344.6682,,,,,,2.749e+1
344.7155,,,,,,1.375e+1
344.7924,,,,,,5.473e+0
344.7968,,,,,,4.712e+1
345.0907,,,,,,7.318e+1
345.1305,,,,,,1.368e+1
345.4835,,,,,,1.946e+1
345.4986,,,,,,1.066e+2
345.7933,,,,,2.983e-4,
345.8923,,,,,2.097e-4,
345.948,,,,,,1.930e+0
345.9935,,,,,,2.028e+1
346.6128,,,,,,1.437e+1
346.685,,,,,,1.920e+0
347.0277,,,,,1.456e-3,
347.0672,,,,,2.299e-3,
352.0945,,,,,,3.048e+0
353.1223,,,,,,3.004e+0
353.3385,,,,,,2.247e+0
353.4904,,,,,,3.744e+0
355.5241,,,,,,3.662e+0
355.6779,,,,,,1.093e+1
359.3597,,7.563e-4,,,,
360.9097,,5.273e-4,,,,
361.5864,,1.905e-4,,,,
362.741,,,,,1.553e-4,
369.5162,,,,,,1.257e+1
369.5375,,,,,,1.516e+1
369.8718,,,,,,4.025e+1
370.2743,,,,,,1.986e+1
370.3355,,,,,,7.719e+1
370.4749,,,,,,1.932e+1
370.7272,,,,,,4.450e+1
370.9543,,,,,,8.522e+0
371.2493,,,,,,2.480e+1
371.2744,,,,,9.735e-4,
371.4028,,,,,,1.475e+1
371.5086,,,,,,8.234e+1
372.089,,,,,,1.964e+1
372.1954,,,,,,6.311e+0
372.5313,,,,,,1.454e+1
372.7319,,,,,1.989e-3,
372.8506,,,,,,4.339e+1
372.8838,,,,,,6.260e+1
372.9221,,,,,4.794e-4,
372.9802,,,,,,2.934e+1
373.483,,,,,,2.768e+0
373.5786,,,,,8.591e-4,
373.9761,,,,,1.124e-3,
374.164,,,,,1.848e-4,
374.2632,,,,,,5.368e+0
374.595,,,2.102e+1,,,
374.6899,,,,,,5.322e+0
374.9484,,,,,3.144e-3,
375.469,,,4.173e+1,,,
375.4696,,,,,,6.810e+1
375.7232,,,,,,3.020e+1
375.9875,,,,,,1.234e+2
376.1403,,,,,1.342e-4,
376.2465,,,,,7.790e-4,
376.26,,,3.554e+0,,,
377.103,,,6.144e+1,,,
377.136,,,6.924e+0,,,
377.4026,,,,,,2.114e+1
377.742,,,,,2.819e-4,
378.498,,,,,1.395e-4,
379.1275,,,,,,2.006e+1
379.297,,,1.285e+1,,,
379.4359,,,,,1.672e-4,
380.2984,,,,,8.292e-4,
381.6751,,,,,,3.178e+0
382.1532,,,,,3.262e-4,
382.2034,5.545e-10,,,,,
382.9795,,1.419e-3,,,,
383.0281,,,,,1.609e-4,
383.0434,1.396e-9,,,,,
383.8374,,4.085e-3,,,,
384.2187,,1.075e-3,,,,
384.28138,,,,,2.154e-4,
384.35832,,,,,1.410e-4,
384.7404,,7.788e-4,,,,
384.7893,,,,,2.475e-4,
385.07987,,,,,1.349e-4,
385.10332,,,,,4.019e-4,
385.14735,,,,,1.434e-4,
385.5014,,,,3.999e-10,,
385.5096,,1.030e-3,,,,
385.6062,,1.299e-3,,,,
385.61342,,,,,3.236e-4,
385.71642,,,,,2.608e-4,
386.34969,,,,,3.157e-4,
386.44309,,,,,8.142e-4,
386.46671,,,,,5.033e-4,
387.57997,,,,,1.331e-4,
388.21937,,,,,2.675e-3,
388.24457,,,,,2.351e-4,
388.31368,,,,,4.209e-4,
388.7572,6.193e-10,,,,,
389.2205,1.109e-9,,,,,
390.3044,,,,,,4.686e+0
390.74549,,,,,3.389e-4,
391.1958,,,,,2.845e-3,
391.2117,,,,,3.680e-4,
391.3892,,9.337e-4,,,,
391.5414,,1.737e-3,,,,
391.5572,,4.144e-4,,,,
391.9001,,2.821e-3,,,,
391.9272,,,,,1.590e-3,
391.9648,,3.099e-4,,,,
392.464,,3.074e-4,,,,
393.1351,,,,,,4.556e+0
393.45,,,6.133e+1,,,
393.4823,,,,,,2.536e+1
393.851,,,1.099e+2,,,
394.288,,,1.217e+1,,,
394.4854,,,,,,5.989e+0
394.50376,,,,,6.527e-4,
394.8012,,,,,,1.346e+1
395.43617,,,,,1.389e-3,
395.5851,,9.081e-4,,,,
396.1573,,,,,,9.385e+1
396.2963,,,,,1.699e-4,
397.3256,,,,,3.289e-3,
398.27141,,,,,6.696e-4,
399.4997,,9.066e-3,,,,
399.7953,,,,3.460e-10,,
399.863,,,1.921e+2,,,
400.358,,,2.733e+2,,,
400.372,,,1.363e+1,,,
406.9623,,,,,3.618e-3,
406.98819,,,,,5.651e-3,
407.21525,,,,,9.100e-3,
407.2643,,,,,,6.208e+0
407.3984,,,,,,1.392e+1
407.58617,,,,,1.255e-2,
407.88424,,,,,1.324e-3,
408.102,,,,,,2.575e+1
408.46474,,,,,3.620e-4,
408.51124,,,,,1.640e-3,
408.9295,,,,,,4.569e+0
409.29287,,,,,1.239e-3,
409.6526,,,,,6.447e-4,
409.72249,,,,,9.419e-4,
409.736,,,2.058e+2,,,
409.9943,9.940e-10,,,,,
410.29994,,,,,6.605e-4,
410.3066,,,,,,4.505e+0
410.339,,,1.024e+2,,,
410.47235,,,,,1.224e-3,
410.49899,,,,,2.369e-3,
410.79,4.607e-10,,,,,
410.9949,1.666e-9,,,,,
411.0192,,,,,4.893e-4,
411.07863,,,,,9.975e-4,
411.20186,,,,,6.719e-4,
411.3834,,,,,6.957e-4,
411.92165,,,,,6.872e-3,
412.02783,,,,,8.341e-4,
412.05468,,,,,7.290e-4,
412.14626,,,,,6.930e-4,
412.1591,,,,,,4.218e+0
412.4081,,1.156e-3,,,,
412.93198,,,,,2.038e-4,
413.163,,,9.639e+0,,,
413.28004,,,,,2.075e-3,
413.3673,,1.910e-3,,,,
413.383,,,1.783e+0,,,
413.607,,,4.932e+0,,,
413.64,,,2.456e+1,,,
414.159,,,1.134e+1,,,
414.18,,,9.785e+0,,,
414.212,,,4.881e+0,,,
414.5774,,2.644e-3,,,,
414.613,,,8.826e+0,,,
414.678,,,4.220e+1,,,
415.1481,2.960e-10,,,,,
415.21,,,2.207e+1,,,
415.32977,,,,,2.687e-3,
415.393,,,8.758e+0,,,
415.65302,,,,,4.765e-4,
416.92236,,,,,9.155e-4,
417.1768,,,,,,2.422e+0
418.544,,,,,7.265e-3,
418.9581,,,,,2.683e-4,
418.9788,,,,,9.405e-3,
419.2512,,,,,6.006e-4,
419.574,,,8.512e+1,,,
419.6697,,,,,3.327e-4,
420.007,,,1.523e+2,,,
421.577,,,1.673e+1,,,
422.7736,,3.394e-3,,,,
424.987,3.161e-10,,,,,
426.4,5.498e-10,,,,,
427.328,2.982e-10,,,,,
427.7695,,,,,1.857e-4,
427.813,1.217e-9,,,,,
427.9165,,,,,1.031e-4,
429.321,1.892e-9,,,,,
431.7139,,,,,1.174e-3,
431.878,,,4.116e+0,,,
431.963,,,,,1.185e-3,
431.9866,,,,,4.988e-4,
432.122,,,4.114e+0,,,
432.139,,,5.746e+0,,,
432.543,,,6.545e+0,,,
432.5761,,,,,2.262e-4,
432.746,,,,,1.855e-3,
432.769,,,4.652e+0,,,
432.7849,,,,,1.324e-4,
432.788,,,4.070e+0,,,
432.8591,,,,,9.921e-4,
433.1466,,,,,1.321e-4,
433.1857,,,,,1.188e-3,
433.295,,,1.401e+1,,,
433.6859,,,,,4.859e-4,
433.701,,,5.669e+0,,,
434.556,,,,,1.261e-3,
434.581,,,2.755e+1,,,
434.7217,,,,,2.885e-4,
434.7413,,,,,2.260e-3,
434.9426,,,,,3.202e-3,
435.111,,,4.549e+0,,,
435.126,,,,,3.594e-3,
435.1457,,,,,2.115e-4,
435.629,2.444e-9,,,,,
435.6794,,,,,,3.878e+0
436.6895,,,,,1.236e-3,
436.9272,,,,,8.151e-4,
437.5876,,,,,,2.050e+0
439.5935,,,,,1.330e-3,
441.4899,,,,,3.804e-3,
441.6975,,,,,2.148e-3,
441.949,,,6.375e+0,,,
443.511,3.496e-10,,,,,
444.0093,,,,,,5.545e+0
444.245,8.896e-10,,,,,
444.292,,,4.170e+0,,,
444.301,,,,,1.381e-3,
444.703,,6.374e-3,,,,
444.7694,,,,,,9.189e+0
444.8191,,,,,1.857e-3,
445.2378,,,,,4.076e-4,
445.712,,,2.064e+0,,,
446.1607,,,,,,1.272e+1
446.6235,,,,,1.596e-3,
446.7465,,,,,7.981e-4,
447.7682,,2.135e-4,,,,
449.337,,,,,,3.285e+0
450.664,,,,,,2.246e+0
450.756,,4.059e-4,,,,
451.088,,,2.760e+1,,,
451.096,,,6.948e+1,,,
451.3827,,,,,,1.510e+0
451.485,,,1.318e+2,,,
451.814,,,2.742e+1,,,
452.356,,,3.499e+1,,,
452.4222,,,,,,1.355e+0
452.786,,,1.914e+1,,,
452.854,,,9.364e+0,,,
453.086,,,5.421e+0,,,
453.2785,,,,,,1.681e+0
453.458,,,2.913e+1,,,
453.505,,,3.811e+1,,,
453.5285,,,,,,1.008e+0
453.8851,,,,,,1.343e+0
453.97,,,2.047e+1,,,
454.482,,,6.469e+0,,,
454.484,,,4.082e+1,,,
454.633,,,5.643e+1,,,
454.73,,,3.210e+0,,,
455.5387,,,,,,4.965e+0
455.773,,,,,5.046e-4,
455.7913,,,,,,1.648e+0
455.894,,,,,2.807e-4,
456.926,,,,,,1.664e+1
458.7721,,,,,,4.884e+0
459.0974,,,,,4.125e-3,
459.198,,,2.604e+1,,,
459.5957,,,,,1.701e-4,
459.6177,,,,,2.913e-3,
460.1478,,1.497e-3,,,,
460.516,,,1.237e+1,,,
460.7153,,1.274e-3,,,,
461.055,,,3.660e+1,,,
461.0608,,,,,,1.438e+1
461.3868,,8.559e-4,,,,
461.541,,,1.101e+1,,,
461.639,,,2.854e+1,,,
462.104,,,1.129e+1,,,
462.1393,,1.215e-3,,,,
462.305,,,3.552e+0,,,
463.0539,,5.011e-3,,,,
463.061,,,3.574e+0,,,
463.0773,,,,,,3.789e+0
463.413,,,1.018e+2,,,
463.64,,,2.229e+0,,,
463.88558,,,,,1.093e-3,
464.064,,,1.823e+2,,,
464.18103,,,,,2.653e-3,
464.185,,,2.014e+1,,,
464.196,,,1.197e+1,,,
464.3086,,1.761e-3,,,,
464.604,,,1.108e+1,,,
464.91347,,,,,4.726e-3,
464.9973,,,,,,2.798e+0
465.08384,,,,,1.013e-3,
465.4531,,1.280e-4,,,,
466.16324,,,,,1.218e-3,
466.291,3.405e-10,,,,,
466.8875,,,,,,3.667e+0
467.068,6.078e-10,,,,,
467.3487,,,,,,4.558e+0
467.37331,,,,,1.865e-4,
467.4908,,1.135e-4,,,,
467.6235,,,,,9.228e-4,
467.983,,,2.674e+0,,,
469.0888,,,,,3.110e-4,
469.1419,,,,,6.212e-4,
469.4274,,1.942e-4,,,,
469.5899,,3.393e-4,,,,
469.8437,,,,,1.704e-4,
469.8554,,1.930e-4,,,,
469.9011,,,,,3.405e-3,
469.9218,,,,,3.041e-3,
470.0032,,3.862e-4,,,,
470.1179,,,,,1.540e-3,
470.1712,,,,,3.078e-4,
470.2503,,2.403e-4,,,,
470.3161,,,,,2.376e-3,
470.4247,,3.356e-4,,,,
470.5346,,,,,4.878e-3,
470.64,,2.876e-4,,,,
470.9584,,6.681e-4,,,,
471.0009,,,,,9.664e-4,
471.2065,,3.827e-4,,,,
471.8377,,1.423e-3,,,,
472.1577,,2.838e-4,,,,
474.1704,,,,,1.632e-4,
475.1278,,,,,2.739e-4,
476.463,,,,,,7.085e-1
477.3753,,,,3.239e-10,,
477.4244,,1.620e-4,,,,
477.6224,,2.095e-4,,,,
477.9722,,7.876e-4,,,,
478.119,,1.416e-4,,,,
478.8138,,1.315e-3,,,,
479.3648,,2.438e-4,,,,
480.3287,,2.327e-3,,,,
481.0299,,2.488e-4,,,,
485.6389,,,,,1.755e-4,
485.6762,,,,,2.097e-4,
485.87,,,3.043e+1,,,
485.898,,,4.887e+1,,,
486.0965,,,,,7.655e-4,
486.127,,,7.430e+1,,,
486.712,,,1.208e+1,,,
486.717,,,1.077e+2,,,
487.1523,,,,,1.365e-3,
487.2017,,,,,1.518e-4,
487.31,,,2.905e+0,,,
487.36,,,1.568e+1,,,
488.414,,,1.211e+1,,,
489.0856,,,,,5.319e-4,
489.5117,,1.246e-4,,,,
489.714,,,2.698e+0,,,
489.91,,,1.349e+1,,,
490.478,,,2.418e+1,,,
490.683,,,,,9.946e-4,
492.4529,,,,,1.690e-3,
494.1072,,,,,1.219e-3,
494.3005,,,,,2.384e-3,
495.5707,,,,,3.644e-4,
496.7884,,,,2.949e-10,,
496.8794,,,,5.704e-10,,
498.7376,,6.923e-4,,,,
499.1243,,1.113e-3,,,,
499.436,,1.152e-3,,,,
499.437,,2.113e-3,,,,
499.7224,,3.694e-4,,,,
500.1134,,4.918e-3,,,,
500.1474,,7.415e-3,,,,
500.2703,,3.168e-4,,,,
500.515,,1.043e-2,,,,
500.53,,2.041e-4,,,,
500.7328,,3.674e-3,,,,
501.0621,,7.975e-4,,,,
501.1314,,1.098e-3,,,,
501.2036,,2.274e-3,,,,
501.6381,,8.079e-4,,,,
502.0218,,,,2.471e-10,,
502.3053,,1.128e-3,,,,
502.5659,,7.379e-4,,,,
504.5099,,1.271e-3,,,,
504.6538,,1.038e-4,,,,
508.8922,,,,,,1.098e+0
510.4445,,2.629e-4,,,,
510.674,,,1.419e+0,,,
515.9941,,,,,3.048e-4,
516.805,,7.313e-4,,,,
517.0156,,9.375e-4,,,,
517.1266,,4.161e-4,,,,
517.1469,,1.942e-3,,,,
517.2344,,1.470e-3,,,,
517.2973,,7.355e-4,,,,
517.3385,,2.520e-3,,,,
517.4462,,1.210e-3,,,,
517.589,,3.927e-3,,,,
517.5903,,,,,1.422e-4,
517.6573,,3.107e-4,,,,
517.7058,,7.335e-4,,,,
517.9344,,3.720e-3,,,,
517.9521,,5.744e-3,,,,
518.0358,,1.046e-3,,,,
518.32,,9.607e-4,,,,
518.4961,,1.093e-3,,,,
518.5087,,1.041e-4,,,,
518.6206,,1.372e-4,,,,
519.038,,7.762e-4,,,,
519.0498,,,,,2.295e-4,
519.1965,,1.036e-4,,,,
520.1606,4.093e-10,,,,,
520.6651,,,,,6.458e-4,
526.252,,,9.589e+0,,,
526.8301,,,,,,8.369e+0
526.904,,,1.717e+1,,,
527.057,,,4.158e+0,,,
527.179,,,1.903e+0,,,
527.268,,,4.155e+0,,,
529.775,,,4.405e+0,,,
529.895,,,4.392e+0,,,
531.3424,,1.979e-4,,,,
531.436,,,1.015e+1,,,
532.0202,,5.889e-4,,,,
532.087,,,6.439e+1,,,
532.0958,,5.890e-4,,,,
532.719,,,4.499e+1,,,
532.7756,,1.085e-4,,,,
532.9099,,,,2.882e-10,,
532.9681,,,,3.738e-10,,
532.969,,,,5.996e-10,,
533.0735,,,,2.987e-10,,
533.0741,,,,1.154e-9,,
533.8729,,6.036e-4,,,,
534.0207,,6.032e-4,,,,
535.1232,,1.195e-3,,,,
535.246,,,3.149e+0,,,
543.5775,,,,3.006e-10,,
543.6862,,,,4.194e-10,,
545.207,,2.674e-4,,,,
545.4215,,3.356e-4,,,,
546.2581,,3.017e-4,,,,
547.5287,,1.718e-4,,,,
547.8086,,2.359e-4,,,,
548.005,,3.901e-4,,,,
549.5655,,1.198e-3,,,,
550.8242,,,,,,4.464e+0
552.6234,,6.196e-4,,,,
553.0242,,1.643e-3,,,,
553.5347,,3.154e-3,,,,
553.5383,,7.897e-4,,,,
554.0061,,3.502e-4,,,,
554.3471,,1.018e-3,,,,
555.1922,,8.103e-4,,,,
555.2677,,2.607e-4,,,,
556.0337,7.263e-10,,,,,
556.4265,8.206e-10,,,,,
556.5255,,1.147e-4,,,,
559.2252,,,,,,1.237e+1
563.172,,2.036e-4,,,,
566.663,,1.987e-3,,,,
567.602,,9.666e-4,,,,
567.956,,3.985e-3,,,,
568.621,,6.134e-4,,,,
571.077,,6.686e-4,,,,
573.9945,2.225e-10,,,,,
574.73,,1.857e-4,,,,
575.2499,4.190e-10,,,,,
582.057,,,4.657e+0,,,
584.794,,,8.217e+0,,,
589.315,,1.032e-3,,,,
589.725,,5.531e-4,,,,
589.983,,2.458e-4,,,,
591.033,,1.825e-4,,,,
591.407,,1.821e-4,,,,
592.781,,8.136e-4,,,,
593.178,,1.796e-3,,,,
594.024,,5.650e-4,,,,
594.165,,3.246e-3,,,,
595.239,,5.248e-4,,,,
595.428,,3.284e-4,,,,
595.8584,,,,2.684e-10,,
598.858,,,,,,7.722e-1
599.9431,3.565e-10,,,,,
600.8473,7.004e-10,,,,,
603.516,,,,,,1.109e+0
604.6438,,,,2.196e-10,,
607.759,,,,,,1.558e+0
613.689,,9.021e-5,,,,
615.075,,9.791e-5,,,,
615.256,,,,,8.970e-5,
615.5961,,,,3.221e-10,,
615.5971,,,,7.254e-10,,
615.5989,,,,5.643e-10,,
615.6737,,,,2.422e-10,,
615.6755,,,,9.404e-10,,
615.6778,,,,1.503e-9,,
615.8172,,,,7.513e-10,,
615.8187,,,,2.898e-9,,
616.775,,1.252e-3,,,,
617.016,,5.779e-4,,,,
617.331,,8.844e-4,,,,
621.4252,,,,,1.294e-4,
624.241,,9.795e-4,,,,
628.432,,1.077e-4,,,,
632.84,,1.401e-4,,,,
634.058,,6.957e-4,,,,
634.686,,1.358e-4,,,,
635.654,,3.757e-4,,,,
635.758,,1.748e-4,,,,
636.584,,,4.982e+0,,,
637.962,,1.107e-4,,,,
639.475,,,9.790e+0,,,
642.0641,2.458e-10,,,,,
644.0938,4.843e-10,,,,,
644.534,,,4.540e+0,,,
645.079,,,4.517e+0,,,
645.3602,,,,3.358e-10,,
645.408,,,1.140e+1,,,
645.4444,,,,5.595e-10,,
645.5977,,,,7.831e-10,,
646.309,,,5.755e+0,,,
646.702,,,2.147e+1,,,
647.876,,,4.808e+0,,,
648.1706,6.222e-10,,,,,
648.205,,7.986e-4,,,,
648.2699,2.219e-9,,,,,
648.3753,9.981e-10,,,,,
648.4808,1.522e-9,,,,,
649.1222,2.482e-10,,,,,
649.9518,3.201e-10,,,,,
650.461,,2.388e-4,,,,
650.6302,2.496e-10,,,,,
650.755,,,,,,4.233e+0
651.591,,,3.526e+0,,,
653.256,,1.167e-4,,,,
656.02,,1.202e-4,,,,
656.176,,1.490e-4,,,,
656.42,,1.466e-4,,,,
656.5283,,,,,5.495e-4,
657.1108,,,,,3.835e-4,
658.26,,8.934e-5,,,,
659.567,,1.193e-4,,,,
661.056,,3.133e-3,,,,
661.362,,4.449e-4,,,,
662.2543,2.119e-10,,,,,
662.7373,,,,,2.186e-4,
662.979,,5.110e-4,,,,
663.479,,1.483e-4,,,,
663.6938,2.491e-10,,,,,
664.1031,,,,,1.083e-4,
664.4962,9.294e-10,,,,,
664.6503,1.937e-10,,,,,
665.3458,4.863e-10,,,,,
665.6509,1.926e-10,,,,,
670.0494,2.626e-10,,,,,
670.4839,2.616e-10,,,,,
670.6107,6.585e-10,,,,,
670.8759,3.339e-10,,,,,
671.7754,,,,,8.299e-5,
672.1388,,,,,1.960e-4,
672.261,1.242e-9,,,,,
672.3453,2.800e-10,,,,,
676.961,2.087e-10,,,,,
680.998,,4.201e-4,,,,
683.409,,2.954e-4,,,,
684.6804,,,,,7.998e-5,
684.723,,1.065e-4,,,,
685.703,,2.752e-4,,,,
686.9475,,,,,1.011e-4,
686.958,,4.544e-4,,,,
688.4881,,,,,7.698e-5,
688.783,,6.297e-4,,,,
689.5102,,,,,6.814e-4,
690.6436,,,,,4.659e-4,
690.7873,,,,,1.900e-4,
691.0562,,,,,3.045e-4,
692.667,1.980e-10,,,,,
694.175,,8.383e-5,,,,
694.5177,4.663e-10,,,,,
695.16,1.750e-10,,,,,
698.2025,1.726e-10,,,,,
700.1922,,,,4.922e-10,,
700.223,,,,9.178e-10,,
700.225,,,,2.184e-10,,
711.0078,,,,,2.391e-4,
712.8865,,,,,1.317e-4,
713.885,,9.510e-5,,,,
715.6701,,,,7.740e-9,,
719.025,,,,,,8.236e-1
725.4154,,,,2.424e-10,,
725.4448,,,,4.037e-10,,
728.0251,,,,,7.952e-5,
730.685,,,,,,2.022e+0
730.712,,,,,,2.537e+0
736.535,,,,,,1.469e+0
736.6146,2.088e-10,,,,,
737.8513,3.103e-10,,,,,
740.454,,,2.355e+0,,,
740.6122,3.616e-10,,,,,
740.6239,5.165e-10,,,,,
741.404,,,,,,1.913e+0
742.3641,1.055e-9,,,,,
744.2298,2.221e-9,,,,,
745.536,,,,,,7.001e+0
746.8312,3.646e-9,,,,,
751.599,,,,,,2.260e+0
753.0611,,,,,9.519e-5,
754.6209,2.225e-10,,,,,
755.0914,2.791e-10,,,,,
758.7571,1.635e-10,,,,,
771.095,,,,,,7.792e-1
776.224,,2.768e-4,,,,
777.1944,,,,1.058e-8,,
777.4166,,,,7.553e-9,,
777.5388,,,,4.531e-9,,
782.068,,,,,,9.184e-1
783.237,,,,,,2.743e+0
783.938,,,,,,4.553e+0
784.794,,,,,,1.020e+0
787.354,,,,,,1.558e+0
789.3976,1.828e-10,,,,,
789.763,,3.094e-4,,,,
789.8982,4.089e-9,,,,,
789.9284,4.755e-10,,,,,
791.5419,2.265e-9,,,,,
796.332,,,,,,2.652e+0
812.9172,1.694e-10,,,,,
816.6233,2.791e-9,,,,,
816.6557,1.985e-10,,,,,
817.215,,,,,,6.806e+0
818.4861,2.122e-9,,,,,
818.8012,2.154e-9,,,,,
820.0357,4.027e-10,,,,,
820.1437,1.952e-10,,,,,
820.1763,1.756e-9,,,,,
821.0715,8.987e-10,,,,,
821.6336,5.819e-9,,,,,
822.1798,,,,7.064e-10,,
822.1824,,,,5.626e-9,,
822.3128,2.248e-9,,,,,
822.7653,,,,6.778e-10,,
823.0001,,,,3.140e-9,,
823.0026,,,,7.040e-10,,
823.3003,,,,2.025e-9,,
823.5354,,,,6.747e-10,,
824.2389,2.242e-9,,,,,
828.83,,,,,9.248e-5,
834.27,,,,,1.074e-4,
834.495,,,1.725e+0,,,
835.886,,,,,,5.657e+0
837.5844,,,,,3.949e-4,
838.177,,,,,8.203e-5,
838.639,,,4.224e+0,,,
840.3379,,,,,2.043e-4,
841.588,,,,,8.081e-5,
843.874,,3.310e-4,,,,
844.6247,,,,1.184e-9,,
844.6359,,,,5.918e-9,,
844.6758,,,,3.550e-9,,
856.7735,7.777e-10,,,,,
859.4,1.668e-9,,,,,
860.433,,9.792e-5,,,,
862.9235,4.242e-9,,,,,
865.5748,7.324e-10,,,,,
865.5878,8.478e-10,,,,,
866.045,,9.565e-5,,,,
866.6935,4.046e-10,,,,,
867.609,,5.303e-4,,,,
868.0282,8.287e-9,,,,,
868.3403,4.620e-9,,,,,
868.6149,1.884e-9,,,,,
869.49,,1.256e-4,,,,
869.899,,2.817e-4,,,,
870.3247,1.767e-9,,,,,
871.1703,2.107e-9,,,,,
871.8837,1.601e-9,,,,,
872.8901,3.058e-10,,,,,
874.7369,1.570e-10,,,,,
882.0423,,,,5.271e-9,,
889.329,,4.503e-5,,,,
893.003,,9.758e-5,,,,
898.618,,2.851e-4,,,,
899.93,,,,,,8.317e-1
901.042,,7.545e-5,,,,
902.8922,2.232e-9,,,,,
903.204,,5.606e-5,,,,
904.5878,7.232e-9,,,,,
904.9492,3.641e-10,,,,,
904.9889,5.035e-9,,,,,
906.0475,4.464e-9,,,,,
906.951,,7.376e-5,,,,
908.948,,9.113e-5,,,,
911.614,,,,,,6.736e+0
911.94,,,,,,5.212e-1
912.138,,,,,,5.198e-1
913.329,,,,,,9.667e+0
917.421,,,,,,4.449e+0
918.7453,4.664e-9,,,,,
918.7863,3.364e-10,,,,,
920.7592,3.434e-10,,,,,
920.8003,2.963e-9,,,,,
921.706,,7.967e-5,,,,
922.134,,,,,,7.593e-1
922.521,,,,,,1.254e+0
922.647,,,,,,5.157e-1
923.074,,,3.024e+0,,,
924.021,,,3.239e+0,,,
924.508,,,,,,7.761e-1
924.812,,,,,,5.106e-1
926.0806,,,,1.341e-9,,
926.0848,,,,3.012e-9,,
926.0936,,,,2.345e-9,,
926.2582,,,,1.001e-9,,
926.267,,,,3.907e-9,,
926.2776,,,,6.248e-9,,
926.545,,,,,,7.937e-1
926.553,,,,,,2.476e-1
926.5826,,,,4.462e-10,,
926.5932,,,,3.113e-9,,
926.6006,,,,1.203e-8,,
928.552,,,9.456e-1,,,
929.14,,,,,,7.843e-1
931.111,,,,,,9.941e-1
932.423,,,2.906e+0,,,
932.577,,4.569e-5,,,,
934.21,,,7.267e+0,,,
936.121,1.563e-10,,,,,
937.53,,,,,,7.103e-1
938.212,2.231e-9,,,,,
938.6805,3.151e-9,,,,,
938.806,,,,,,1.460e+0
938.842,,,3.052e+0,,,
939.2793,5.560e-9,,,,,
940.246,,,1.246e+1,,,
942.453,,,6.171e+0,,,
946.0676,5.474e-10,,,,,
947.571,,,,,,7.035e-1
948.2888,,,,1.695e-9,,
956.512,,,,,,6.682e-1
959.456,,,,,2.318e-4,
961.18,,,,,1.283e-4,
963.164,,,3.573e+0,,,
968.614,,,6.288e+0,,,
977.69,1.796e-10,,,,,
978.678,2.268e-10,,,,,
978.829,2.454e-10,,,,,
979.856,4.262e-10,,,,,
981.001,3.465e-10,,,,,
981.4021,1.789e-10,,,,,
982.275,1.099e-9,,,,,
982.5789,,,,3.681e-10,,
982.5872,,,,2.517e-10,,
982.5991,,,,1.610e-10,,
983.461,5.738e-10,,,,,
986.3334,2.619e-9,,,,,
987.215,5.659e-10,,,,,
989.1647,,,,1.340e-10,,
989.1715,,,,1.980e-10,,
989.1803,,,,2.858e-10,,
990.706,,,,,7.907e-5,
993.147,2.555e-10,,,,,
994.7066,1.540e-10,,,,,
1000.3041,2.620e-10,,,,,
1001.7826,2.014e-10,,,,,
1005.4277,1.541e-10,,,,,
1010.5132,3.502e-9,,,,,
1010.8892,5.642e-9,,,,,
1011.2481,8.487e-9,,,,,
1011.464,1.212e-8,,,,,
1011.874,,,,,,5.398e+0
1012.8279,1.223e-9,,,,,
1014.49,,,1.189e+0,,,
1014.7267,1.362e-9,,,,,
1016.4848,9.483e-10,,,,,
1021.15,4.622e-10,,,,,
1023.81,8.105e-10,,,,,
1025.134,,,,,,9.304e-1
1025.278,,,,,,2.087e+0
1026.78,,,1.701e+0,,,
1032.177,,,,,,3.791e+0
1036.687,,,,,,6.672e-1
1037.63,2.013e-9,,,,,
1038.24,2.207e-10,,,,,
1040.19,2.218e-10,,,,,
1040.81,3.085e-9,,,,,
1050.027,7.811e-10,,,,,
1050.7,2.363e-9,,,,,
1051.341,1.139e-9,,,,,
1052.058,1.895e-9,,,,,
1053.377,4.495e-10,,,,,
1053.9575,6.043e-9,,,,,
1054.675,,2.827e-4,,,,
1054.702,,,,,,6.217e-1
1054.964,2.193e-9,,,,,
1056.333,3.953e-10,,,,,
1058.46,2.032e-10,,,,,
1059.6,2.913e-10,,,,,
1062.319,3.192e-10,,,,,
1064.398,3.982e-10,,,,,
1065.304,1.065e-9,,,,,
1067.27,1.095e-10,,,,,
1067.5668,,,,6.053e-10,,
1067.5766,,,,5.295e-10,,
1067.5906,,,,2.649e-10,,
1067.6023,,,,1.544e-10,,
1068.91,2.172e-10,,,,,
1069.04,,,1.207e+0,,,
1071.3548,1.260e-9,,,,,
1071.796,4.395e-10,,,,,
1073.0509,2.267e-10,,,,,
1075.3417,,,,2.201e-10,,
1075.3498,,,,3.259e-10,,
1075.3602,,,,4.730e-10,,
1075.7887,6.869e-10,,,,,
1078.68,4.180e-9,,,,,
1090.746,,1.360e-4,,,,
1098.87,1.937e-9,,,,,
1104.481,,8.029e-5,,,,
1122.709,3.914e-10,,,,,
1123.544,,,,,,5.364e-1
1125.73,3.991e-10,,,,,
1126.489,,,,,,1.194e+0
1126.621,5.183e-10,,,,,
1128.6317,,,,2.859e-9,,
1128.6406,,,,9.538e-10,,
1128.6914,,,,5.331e-9,,
1128.7029,,,,9.537e-10,,
1128.7318,,,,1.272e-9,,
1129.167,2.031e-9,,,,,
1129.426,4.343e-10,,,,,
1129.5103,,,,6.741e-10,,
1129.7682,,,,1.123e-9,,
1130.2378,,,,1.577e-9,,
1131.389,1.127e-9,,,,,
1132.159,,,,,,2.186e+0
1132.318,4.613e-10,,,,,
1134.914,,,,,,3.869e-1
1156.6114,2.786e-10,,,,,
1159.3,,,1.354e+0,,,
1162.5171,1.685e-10,,,,,
1176.25,1.037e-9,,,,,
1176.86,1.474e-9,,,,,
1199.8349,5.437e-10,,,,,
